 0.000000 1.000000 2.000000 3.000000 4.000000 5.000000 6.000000 7.000000 8.000000 9.000000 10.000000 
0.000000 0.000000 -2.000000 8.000000 27.000000 64.000000 125.000000 216.000000 343.000000 512.000000 732.000000 1000.000000 
1.000000 -2.000000 -4.000000 6.000000 25.000000 62.000000 123.000000 214.000000 341.000000 510.000000 730.000000 998.000000 
2.000000 8.000000 6.000000 16.000000 35.000000 72.000000 133.000000 224.000000 351.000000 520.000000 740.000000 1008.000000 
3.000000 27.000000 25.000000 35.000000 54.000000 91.000000 152.000000 243.000000 370.000000 539.000000 759.000000 1027.000000 
4.000000 64.000000 62.000000 72.000000 91.000000 128.000000 189.000000 280.000000 407.000000 576.000000 796.000000 1064.000000 
5.000000 125.000000 123.000000 133.000000 152.000000 189.000000 250.000000 341.000000 468.000000 637.000000 857.000000 1125.000000 
6.000000 216.000000 214.000000 224.000000 243.000000 280.000000 341.000000 432.000000 559.000000 728.000000 948.000000 1216.000000 
7.000000 343.000000 341.000000 351.000000 370.000000 407.000000 468.000000 559.000000 686.000000 855.000000 1075.000000 1343.000000 
8.000000 512.000000 510.000000 520.000000 539.000000 576.000000 637.000000 728.000000 855.000000 1024.000000 1244.000000 1512.000000 
9.000000 732.000000 730.000000 740.000000 759.000000 796.000000 857.000000 948.000000 1075.000000 1244.000000 1464.000000 1732.000000 
10.000000 1000.000000 998.000000 1008.000000 1027.000000 1064.000000 1125.000000 1216.000000 1343.000000 1512.000000 1732.000000 2000.000000 
