 0.000000 2.000000 4.000000 6.000000 8.000000 10.000000 
0.000000 0.000000 8.000000 64.000000 216.000000 512.000000 1000.000000 
2.000000 8.000000 16.000000 72.000000 224.000000 520.000000 1008.000000 
4.000000 64.000000 72.000000 128.000000 280.000000 576.000000 1064.000000 
6.000000 216.000000 224.000000 280.000000 432.000000 728.000000 1216.000000 
8.000000 512.000000 520.000000 576.000000 728.000000 1024.000000 1512.000000 
10.000000 1000.000000 1008.000000 1064.000000 1216.000000 1512.000000 2000.000000 
